0.000000000000000000e+00 1.535762543761709231e-01 1.051302634936210900e-01 4.694889316082437314e-01 9.178948774065351021e-03 1.389739575911325131e-01 -2.572809996313101255e-01 6.501864582735178422e-01 5.304877260571605468e-01 2.060757246147876531e-01 6.150404976376502159e-02 4.347571624166139403e-01 3.492621666130127367e-01 4.390885664795817211e-01 1.792315061807915888e-01 5.486996009999506319e-01 4.058455557289676330e-01 -1.143073934600234848e-01 2.792686186234068502e-01 3.408265842447372740e-01 -1.538855285047379118e-01
1.535762543761709231e-01 0.000000000000000000e+00 8.236910761073095166e-01 7.027601053037411116e-01 -1.113805113588722528e-01 7.119850090869619397e-01 -1.688213023546517727e-02 1.467661588294311703e-01 1.698953752020843366e-01 4.582688688170944435e-01 5.979922886573022511e-01 -7.176015878962734018e-02 5.010595448191536017e-01 4.025808938938185699e-01 3.505622167643937526e-01 2.778981272547675907e-01 -4.071842009229828530e-01 3.556026200029461792e-01 1.927485582467379499e-01 4.634458971410433392e-01 -2.838378760430149139e-01
1.051302634936210900e-01 8.236910761073095166e-01 0.000000000000000000e+00 5.857740270859885801e-01 -5.391110465186979561e-02 7.689773148644631906e-01 -2.382012214205388445e-01 2.497221886053298812e-01 3.319247102215031608e-01 4.419210517469951971e-01 5.614730079433827292e-01 -3.996748043984454934e-02 5.915999124263707776e-01 4.918129347392992123e-01 3.555171311062707007e-01 1.580852038839015705e-01 -5.821392568881065266e-01 5.488814089617175540e-01 2.095358162740551533e-01 2.652663386857351813e-01 -1.105025932352930451e-01
4.694889316082437314e-01 7.027601053037411116e-01 5.857740270859885801e-01 0.000000000000000000e+00 -2.854146516994971947e-02 5.321721946438503492e-01 -1.921501838782386715e-02 3.557432685200871414e-01 4.010147442497878356e-01 6.205016529816855808e-01 5.620117793370846826e-01 3.374859885537505599e-01 7.128608699155705164e-01 2.784851528978811719e-01 6.078083162262243322e-01 3.242226460307545688e-01 -3.940005574320063625e-02 4.583833779233564831e-01 -6.135015989151273649e-03 2.305533174038351951e-01 -5.406922526738530133e-01
9.178948774065351021e-03 -1.113805113588722528e-01 -5.391110465186979561e-02 -2.854146516994971947e-02 0.000000000000000000e+00 -4.626054739110238012e-01 1.615674614164119838e-01 2.590214446812650895e-01 5.032830662481904138e-01 5.918885186757502082e-01 1.060189044375537543e-01 2.944341210007938026e-01 3.001471354833593064e-01 -2.583287573717842900e-01 6.704263449546788989e-01 5.584701835678992227e-02 -5.050921356067378243e-01 -2.358194280310187130e-01 -7.152806334116601494e-01 -4.164002447728285539e-01 5.812689491984306400e-01
1.389739575911325131e-01 7.119850090869619397e-01 7.689773148644631906e-01 5.321721946438503492e-01 -4.626054739110238012e-01 0.000000000000000000e+00 -2.786921197001111516e-01 1.854224645143418837e-01 2.148332978737343968e-01 2.301558604789969709e-01 4.397465073282834647e-01 1.579727071196142807e-01 2.652197267651250634e-01 7.010769174418254313e-01 -1.139634014696235854e-02 2.754884733588858770e-01 -1.564843016958548105e-01 3.538978496631084436e-01 6.171975564212044407e-01 3.920978095143438091e-01 -4.311956570406256795e-01
-2.572809996313101255e-01 -1.688213023546517727e-02 -2.382012214205388445e-01 -1.921501838782386715e-02 1.615674614164119838e-01 -2.786921197001111516e-01 0.000000000000000000e+00 -1.697098143467035136e-01 -4.860868549757502155e-01 -5.312401794092166951e-02 2.341915932751828522e-02 -1.854234847273685538e-01 -2.772398394490878729e-02 -5.956892325091032170e-01 3.227362986033334435e-02 4.518482055553111471e-02 4.266241188745815288e-02 -1.889620750209452249e-01 -4.865722436747647595e-01 2.126003382630332339e-01 9.948705743443116492e-03
6.501864582735178422e-01 1.467661588294311703e-01 2.497221886053298812e-01 3.557432685200871414e-01 2.590214446812650895e-01 1.854224645143418837e-01 -1.697098143467035136e-01 0.000000000000000000e+00 4.924457109842903524e-01 5.350625380747838777e-01 -1.866259566896801281e-01 3.635387628800271220e-01 3.978011013948567487e-01 3.129888895080187861e-01 4.621638593781120519e-01 3.846421476249714533e-01 -2.018845699072498862e-02 -4.392773820521567868e-02 -1.593519554335496441e-02 3.381654542527903762e-01 3.335589311947858571e-01
5.304877260571605468e-01 1.698953752020843366e-01 3.319247102215031608e-01 4.010147442497878356e-01 5.032830662481904138e-01 2.148332978737343968e-01 -4.860868549757502155e-01 4.924457109842903524e-01 0.000000000000000000e+00 6.517086295609756386e-01 4.133745034636635562e-01 6.539672193178085458e-01 4.558858729406086718e-01 5.866102101507976174e-01 5.407090028922987290e-01 3.412518372583875359e-01 -2.281451425178043779e-01 -5.903097299412134354e-03 5.884234307572270423e-02 -2.800186935929057097e-01 6.459017716919967025e-03
2.060757246147876531e-01 4.582688688170944435e-01 4.419210517469951971e-01 6.205016529816855808e-01 5.918885186757502082e-01 2.301558604789969709e-01 -5.312401794092166951e-02 5.350625380747838777e-01 6.517086295609756386e-01 0.000000000000000000e+00 3.030715724504049469e-01 4.109916318127673218e-01 5.518023051763366604e-01 2.006457430114714224e-01 9.190027368702086141e-01 2.601110130054939962e-01 -4.260393644947685909e-01 1.331569219406192606e-01 -3.894701586291586803e-01 -1.254753609000170966e-01 8.654582122120678400e-02
6.150404976376502159e-02 5.979922886573022511e-01 5.614730079433827292e-01 5.620117793370846826e-01 1.060189044375537543e-01 4.397465073282834647e-01 2.341915932751828522e-02 -1.866259566896801281e-01 4.133745034636635562e-01 3.030715724504049469e-01 0.000000000000000000e+00 1.654559580373964334e-01 6.252784097189557633e-01 2.724423389560008402e-01 2.958539997545714950e-01 1.110509451872964369e-02 -3.360396915488090830e-01 3.994224732871541894e-01 4.360053506564069009e-02 -1.110868019667713980e-01 -4.861809533669475547e-01
4.347571624166139403e-01 -7.176015878962734018e-02 -3.996748043984454934e-02 3.374859885537505599e-01 2.944341210007938026e-01 1.579727071196142807e-01 -1.854234847273685538e-01 3.635387628800271220e-01 6.539672193178085458e-01 4.109916318127673218e-01 1.654559580373964334e-01 0.000000000000000000e+00 1.864356867949023555e-01 3.504648629049914588e-01 2.836230505740593988e-01 5.067516064420370947e-01 1.693653314022295908e-01 -1.848546932960372091e-01 9.419326832262701898e-02 -1.391466333672268241e-01 -1.553931420790741480e-01
3.492621666130127367e-01 5.010595448191536017e-01 5.915999124263707776e-01 7.128608699155705164e-01 3.001471354833593064e-01 2.652197267651250634e-01 -2.772398394490878729e-02 3.978011013948567487e-01 4.558858729406086718e-01 5.518023051763366604e-01 6.252784097189557633e-01 1.864356867949023555e-01 0.000000000000000000e+00 -1.180316859432029930e-03 6.944526225655560658e-01 -1.232832646169816498e-01 -3.079134927448692327e-01 6.520729643799145769e-01 -3.051914844963635187e-01 -8.071291132806698854e-02 -8.269026165024230546e-02
4.390885664795817211e-01 4.025808938938185699e-01 4.918129347392992123e-01 2.784851528978811719e-01 -2.583287573717842900e-01 7.010769174418254313e-01 -5.956892325091032170e-01 3.129888895080187861e-01 5.866102101507976174e-01 2.006457430114714224e-01 2.724423389560008402e-01 3.504648629049914588e-01 -1.180316859432029930e-03 0.000000000000000000e+00 -1.006590025331318972e-01 5.328294703021595469e-01 -2.407581420797227922e-02 -7.559205244502358034e-02 7.820055300224648676e-01 2.845677707154717351e-01 -2.853895467904358219e-01
1.792315061807915888e-01 3.505622167643937526e-01 3.555171311062707007e-01 6.078083162262243322e-01 6.704263449546788989e-01 -1.139634014696235854e-02 3.227362986033334435e-02 4.621638593781120519e-01 5.407090028922987290e-01 9.190027368702086141e-01 2.958539997545714950e-01 2.836230505740593988e-01 6.944526225655560658e-01 -1.006590025331318972e-01 0.000000000000000000e+00 3.815521428587820979e-02 -4.280300450183914807e-01 3.011911744148058068e-01 -6.327200409237663248e-01 -2.507812434676917057e-01 1.500202087278314500e-01
5.486996009999506319e-01 2.778981272547675907e-01 1.580852038839015705e-01 3.242226460307545688e-01 5.584701835678992227e-02 2.754884733588858770e-01 4.518482055553111471e-02 3.846421476249714533e-01 3.412518372583875359e-01 2.601110130054939962e-01 1.110509451872964369e-02 5.067516064420370947e-01 -1.232832646169816498e-01 5.328294703021595469e-01 3.815521428587820979e-02 0.000000000000000000e+00 1.550466842950179447e-01 -5.407137781085158412e-01 3.266938629332025168e-01 5.842219722948809313e-01 -1.450805721257407976e-01
4.058455557289676330e-01 -4.071842009229828530e-01 -5.821392568881065266e-01 -3.940005574320063625e-02 -5.050921356067378243e-01 -1.564843016958548105e-01 4.266241188745815288e-02 -2.018845699072498862e-02 -2.281451425178043779e-01 -4.260393644947685909e-01 -3.360396915488090830e-01 1.693653314022295908e-01 -3.079134927448692327e-01 -2.407581420797227922e-02 -4.280300450183914807e-01 1.550466842950179447e-01 0.000000000000000000e+00 -2.599334471180505535e-01 3.172286738298696895e-01 1.769829166591266323e-01 -4.518303262169138246e-01
-1.143073934600234848e-01 3.556026200029461792e-01 5.488814089617175540e-01 4.583833779233564831e-01 -2.358194280310187130e-01 3.538978496631084436e-01 -1.889620750209452249e-01 -4.392773820521567868e-02 -5.903097299412134354e-03 1.331569219406192606e-01 3.994224732871541894e-01 -1.848546932960372091e-01 6.520729643799145769e-01 -7.559205244502358034e-02 3.011911744148058068e-01 -5.407137781085158412e-01 -2.599334471180505535e-01 0.000000000000000000e+00 -8.192011586137390444e-02 -2.330438179527442311e-01 -2.531314260624349388e-01
2.792686186234068502e-01 1.927485582467379499e-01 2.095358162740551533e-01 -6.135015989151273649e-03 -7.152806334116601494e-01 6.171975564212044407e-01 -4.865722436747647595e-01 -1.593519554335496441e-02 5.884234307572270423e-02 -3.894701586291586803e-01 4.360053506564069009e-02 9.419326832262701898e-02 -3.051914844963635187e-01 7.820055300224648676e-01 -6.327200409237663248e-01 3.266938629332025168e-01 3.172286738298696895e-01 -8.192011586137390444e-02 0.000000000000000000e+00 4.303534582020693278e-01 -4.042301829442885297e-01
3.408265842447372740e-01 4.634458971410433392e-01 2.652663386857351813e-01 2.305533174038351951e-01 -4.164002447728285539e-01 3.920978095143438091e-01 2.126003382630332339e-01 3.381654542527903762e-01 -2.800186935929057097e-01 -1.254753609000170966e-01 -1.110868019667713980e-01 -1.391466333672268241e-01 -8.071291132806698854e-02 2.845677707154717351e-01 -2.507812434676917057e-01 5.842219722948809313e-01 1.769829166591266323e-01 -2.330438179527442311e-01 4.303534582020693278e-01 0.000000000000000000e+00 -9.306566336202701240e-02
-1.538855285047379118e-01 -2.838378760430149139e-01 -1.105025932352930451e-01 -5.406922526738530133e-01 5.812689491984306400e-01 -4.311956570406256795e-01 9.948705743443116492e-03 3.335589311947858571e-01 6.459017716919967025e-03 8.654582122120678400e-02 -4.861809533669475547e-01 -1.553931420790741480e-01 -8.269026165024230546e-02 -2.853895467904358219e-01 1.500202087278314500e-01 -1.450805721257407976e-01 -4.518303262169138246e-01 -2.531314260624349388e-01 -4.042301829442885297e-01 -9.306566336202701240e-02 0.000000000000000000e+00
0.000000000000000000e+00 3.287937437130595830e-01 2.685748152558251611e-01 6.127157833764577122e-01 -6.742304408558405515e-02 2.999040887272212408e-01 -2.386329018611103303e-01 6.989008534802084727e-01 4.662870010936999154e-01 1.986121870948656942e-01 6.569169060350495137e-02 3.513676669873189717e-01 3.717838968767824825e-01 4.631081129505772442e-01 1.752680764853816464e-01 5.622221829399846049e-01 2.893023163076343107e-01 -5.125707759399819596e-02 3.249402193033381625e-01 4.949861288289704175e-01 -1.717490827646020457e-01
3.287937437130595830e-01 0.000000000000000000e+00 7.948705328666985093e-01 6.331378547021329073e-01 -1.030138914607161699e-01 6.589904889334615712e-01 -1.729027092849638458e-01 1.340976745192033748e-01 2.087123953914028218e-01 2.663073206475204957e-01 5.499725438264125854e-01 -1.068307113930655750e-01 5.327351077143065439e-01 4.004636450977807627e-01 2.311595269803395913e-01 1.417171161275231350e-01 -3.612705084880153406e-01 3.701556997179007436e-01 2.756017881442819339e-01 3.951057222378720479e-01 -2.029425318527995070e-01
2.685748152558251611e-01 7.948705328666985093e-01 0.000000000000000000e+00 4.939124457044191119e-01 -9.590118245388633278e-02 7.464219373650743394e-01 -3.778892538532391820e-01 2.597443380658114864e-01 2.992643945374505732e-01 1.847369841497723819e-01 4.411750281695204778e-01 -1.239968660223518121e-01 5.790233185909922087e-01 4.572868651911313198e-01 1.873954030791411818e-01 -8.612728122562904320e-03 -5.794207623503579985e-01 5.663786755759476765e-01 3.169226222237005453e-01 2.568186121400681254e-01 -5.621532867593842520e-03
6.127157833764577122e-01 6.331378547021329073e-01 4.939124457044191119e-01 0.000000000000000000e+00 1.093812580105761947e-02 4.369603267952946180e-01 -1.320581516267312350e-01 3.468595610261522855e-01 4.691552677294612006e-01 5.146961433847433431e-01 5.343156780416579155e-01 3.608732807540792620e-01 7.509015549630463360e-01 2.629911454002547555e-01 5.568127568617523560e-01 2.402242836011935223e-01 6.377939527221863913e-02 4.561248823627628290e-01 1.796214620351010288e-02 1.129372311445480531e-01 -5.115266585080213702e-01
-6.742304408558405515e-02 -1.030138914607161699e-01 -9.590118245388633278e-02 1.093812580105761947e-02 0.000000000000000000e+00 -4.859005237137190014e-01 2.202246775305496118e-01 2.367722873881493439e-01 5.143324499763111124e-01 6.947346166093443243e-01 1.569970713352252523e-01 3.325571935924962474e-01 2.935420638499444679e-01 -2.451728560203776941e-01 7.333508177295252617e-01 1.300836256422223669e-01 -4.742956791553959439e-01 -2.550958829639876635e-01 -7.404256375645040800e-01 -4.418211573819446070e-01 5.326278505819573850e-01
2.999040887272212408e-01 6.589904889334615712e-01 7.464219373650743394e-01 4.369603267952946180e-01 -4.859005237137190014e-01 0.000000000000000000e+00 -4.447125960260427391e-01 1.827371905914957906e-01 2.339991798918849009e-01 1.417303712674279972e-02 3.609304898720643306e-01 1.186506881160040161e-01 2.654225228365851286e-01 7.111870828355910668e-01 -1.633389393419547864e-01 1.373102697465483635e-01 -1.069435999158031142e-01 3.688492406112700572e-01 7.134096366732164407e-01 3.387609819842532510e-01 -3.593029019251570144e-01
-2.386329018611103303e-01 -1.729027092849638458e-01 -3.778892538532391820e-01 -1.320581516267312350e-01 2.202246775305496118e-01 -4.447125960260427391e-01 0.000000000000000000e+00 -2.151277023717621806e-01 -4.464106697587388872e-01 -9.002037791965579461e-02 1.369482397960984470e-03 -1.390454923004506571e-01 -4.899873367071044122e-02 -6.358793038333484526e-01 8.813433563807485799e-03 1.175910264290682544e-02 1.443346649438937701e-01 -2.393136585251649240e-01 -5.068183154282271952e-01 9.215215109701346829e-02 4.161826591009327309e-02
6.989008534802084727e-01 1.340976745192033748e-01 2.597443380658114864e-01 3.468595610261522855e-01 2.367722873881493439e-01 1.827371905914957906e-01 -2.151277023717621806e-01 0.000000000000000000e+00 4.762699673065601824e-01 4.517807923387473501e-01 -2.232702702164208186e-01 3.204191391677883582e-01 3.957957330160051246e-01 3.044776534934817702e-01 4.083276644003796529e-01 3.353922208849406394e-01 -2.521952908196589682e-02 -3.189578018174618612e-02 2.422775029710636657e-02 3.459370817521735808e-01 3.687151392761490731e-01
4.662870010936999154e-01 2.087123953914028218e-01 2.992643945374505732e-01 4.691552677294612006e-01 5.143324499763111124e-01 2.339991798918849009e-01 -4.464106697587388872e-01 4.762699673065601824e-01 0.000000000000000000e+00 7.329664878623853852e-01 4.523858617451416708e-01 6.649647319691368574e-01 4.525497109768030768e-01 5.931373897229793579e-01 5.940641155336919832e-01 4.002617662585243319e-01 -2.139236209832170166e-01 -2.285921422053959276e-02 7.891854046480120330e-03 -2.959022220162580985e-01 -2.881446393438141448e-02
1.986121870948656942e-01 2.663073206475204957e-01 1.847369841497723819e-01 5.146961433847433431e-01 6.947346166093443243e-01 1.417303712674279972e-02 -9.002037791965579461e-02 4.517807923387473501e-01 7.329664878623853852e-01 0.000000000000000000e+00 2.965076202721756427e-01 4.984208378185586708e-01 5.152512954773795784e-01 1.658222142624892759e-01 9.185917214951981880e-01 2.482848020779591935e-01 -2.474693285152276268e-01 3.758742441082236346e-02 -4.592045511310803296e-01 -3.531040671867314851e-01 1.123178617721879852e-01
6.569169060350495137e-02 5.499725438264125854e-01 4.411750281695204778e-01 5.343156780416579155e-01 1.569970713352252523e-01 3.609304898720643306e-01 1.369482397960984470e-03 -2.232702702164208186e-01 4.523858617451416708e-01 2.965076202721756427e-01 0.000000000000000000e+00 2.051223687047694089e-01 6.119180422719349144e-01 2.571487633854288024e-01 2.919977841239343452e-01 -2.071561430168171892e-03 -2.553942277444823383e-01 3.546348403804239768e-01 6.403702866100669314e-03 -2.197271740309439669e-01 -4.774638957104750947e-01
3.513676669873189717e-01 -1.068307113930655750e-01 -1.239968660223518121e-01 3.608732807540792620e-01 3.325571935924962474e-01 1.186506881160040161e-01 -1.390454923004506571e-01 3.204191391677883582e-01 6.649647319691368574e-01 4.984208378185586708e-01 2.051223687047694089e-01 0.000000000000000000e+00 1.723777012031250111e-01 3.421028866931947188e-01 3.408128715220289928e-01 5.577004047512829077e-01 2.198111716340235278e-01 -2.172759128163903042e-01 1.355594779387678424e-02 -2.022498409649805262e-01 -1.861670444279625858e-01
3.717838968767824825e-01 5.327351077143065439e-01 5.790233185909922087e-01 7.509015549630463360e-01 2.935420638499444679e-01 2.654225228365851286e-01 -4.899873367071044122e-02 3.957957330160051246e-01 4.525497109768030768e-01 5.152512954773795784e-01 6.119180422719349144e-01 1.723777012031250111e-01 0.000000000000000000e+00 -6.938864597729521577e-03 6.716189276789719109e-01 -1.486616072880369011e-01 -3.029547776982981500e-01 6.471811175740267430e-01 -2.803535728190546528e-01 -9.253034933301140796e-02 -6.804425796216241606e-02
4.631081129505772442e-01 4.004636450977807627e-01 4.572868651911313198e-01 2.629911454002547555e-01 -2.451728560203776941e-01 7.111870828355910668e-01 -6.358793038333484526e-01 3.044776534934817702e-01 5.931373897229793579e-01 1.658222142624892759e-01 2.571487633854288024e-01 3.421028866931947188e-01 -6.938864597729521577e-03 0.000000000000000000e+00 -1.239386388564108349e-01 5.152898212505276909e-01 2.181801900576989641e-04 -8.405622121398856339e-02 7.596845572346798692e-01 2.584597730869336307e-01 -2.713975552414681913e-01
1.752680764853816464e-01 2.311595269803395913e-01 1.873954030791411818e-01 5.568127568617523560e-01 7.333508177295252617e-01 -1.633389393419547864e-01 8.813433563807485799e-03 4.083276644003796529e-01 5.940641155336919832e-01 9.185917214951981880e-01 2.919977841239343452e-01 3.408128715220289928e-01 6.716189276789719109e-01 -1.239386388564108349e-01 0.000000000000000000e+00 2.903088173160458738e-02 -3.126321598057094642e-01 2.368114254083052983e-01 -6.633104268066830622e-01 -4.028890885961032287e-01 1.684229166120456422e-01
5.622221829399846049e-01 1.417171161275231350e-01 -8.612728122562904320e-03 2.402242836011935223e-01 1.300836256422223669e-01 1.373102697465483635e-01 1.175910264290682544e-02 3.353922208849406394e-01 4.002617662585243319e-01 2.482848020779591935e-01 -2.071561430168171892e-03 5.577004047512829077e-01 -1.486616072880369011e-01 5.152898212505276909e-01 2.903088173160458738e-02 0.000000000000000000e+00 2.777339277714513388e-01 -6.024732398905214836e-01 2.680580854982758665e-01 4.486086179211015157e-01 -1.232663468544703267e-01
2.893023163076343107e-01 -3.612705084880153406e-01 -5.794207623503579985e-01 6.377939527221863913e-02 -4.742956791553959439e-01 -1.069435999158031142e-01 1.443346649438937701e-01 -2.521952908196589682e-02 -2.139236209832170166e-01 -2.474693285152276268e-01 -2.553942277444823383e-01 2.198111716340235278e-01 -3.029547776982981500e-01 2.181801900576989641e-04 -3.126321598057094642e-01 2.777339277714513388e-01 0.000000000000000000e+00 -2.737038960998297021e-01 2.269819495134966503e-01 2.019651071817739341e-01 -5.359371122906346763e-01
-5.125707759399819596e-02 3.701556997179007436e-01 5.663786755759476765e-01 4.561248823627628290e-01 -2.550958829639876635e-01 3.688492406112700572e-01 -2.393136585251649240e-01 -3.189578018174618612e-02 -2.285921422053959276e-02 3.758742441082236346e-02 3.546348403804239768e-01 -2.172759128163903042e-01 6.471811175740267430e-01 -8.405622121398856339e-02 2.368114254083052983e-01 -6.024732398905214836e-01 -2.737038960998297021e-01 0.000000000000000000e+00 -2.709723413330365413e-02 -2.205449219951313711e-01 -2.167293750057789348e-01
3.249402193033381625e-01 2.756017881442819339e-01 3.169226222237005453e-01 1.796214620351010288e-02 -7.404256375645040800e-01 7.134096366732164407e-01 -5.068183154282271952e-01 2.422775029710636657e-02 7.891854046480120330e-03 -4.592045511310803296e-01 6.403702866100669314e-03 1.355594779387678424e-02 -2.803535728190546528e-01 7.596845572346798692e-01 -6.633104268066830622e-01 2.680580854982758665e-01 2.269819495134966503e-01 -2.709723413330365413e-02 0.000000000000000000e+00 5.172720297453707872e-01 -3.691135043116731684e-01
4.949861288289704175e-01 3.951057222378720479e-01 2.568186121400681254e-01 1.129372311445480531e-01 -4.418211573819446070e-01 3.387609819842532510e-01 9.215215109701346829e-02 3.459370817521735808e-01 -2.959022220162580985e-01 -3.531040671867314851e-01 -2.197271740309439669e-01 -2.022498409649805262e-01 -9.253034933301140796e-02 2.584597730869336307e-01 -4.028890885961032287e-01 4.486086179211015157e-01 2.019651071817739341e-01 -2.205449219951313711e-01 5.172720297453707872e-01 0.000000000000000000e+00 2.319242493886025831e-03
-1.717490827646020457e-01 -2.029425318527995070e-01 -5.621532867593842520e-03 -5.115266585080213702e-01 5.326278505819573850e-01 -3.593029019251570144e-01 4.161826591009327309e-02 3.687151392761490731e-01 -2.881446393438141448e-02 1.123178617721879852e-01 -4.774638957104750947e-01 -1.861670444279625858e-01 -6.804425796216241606e-02 -2.713975552414681913e-01 1.684229166120456422e-01 -1.232663468544703267e-01 -5.359371122906346763e-01 -2.167293750057789348e-01 -3.691135043116731684e-01 2.319242493886025831e-03 0.000000000000000000e+00
0.000000000000000000e+00 4.109900072028166429e-01 3.119532594040237417e-01 6.657631927010659867e-01 -7.412739362539161325e-02 3.478981490499791218e-01 -2.322694965450397830e-01 7.101539144824525751e-01 4.235104925024882339e-01 2.060436126333446971e-01 6.560230006165604366e-02 3.253737459801584464e-01 3.913409228625943648e-01 4.508896365222981317e-01 1.827575582240006380e-01 5.371728970199555198e-01 2.296608684234517361e-01 -4.161479513713008116e-02 3.303257665477136729e-01 5.444355129324199849e-01 -1.731570042677061660e-01
4.109900072028166429e-01 0.000000000000000000e+00 7.948379600749901908e-01 5.762544487224764422e-01 -1.029512493231916209e-01 5.950096162364224561e-01 -3.717410413123951596e-01 1.416089810738845323e-01 1.767129772022606460e-01 1.237740791025162546e-01 4.874303439956112483e-01 -1.403317306628391048e-01 5.081750647523708420e-01 3.349234984750923960e-01 1.677594916680140436e-01 -3.924368244747565571e-02 -4.008060762147587219e-01 3.836160795422357550e-01 3.405477625030298716e-01 3.588433390354294206e-01 -1.883755134497021866e-01
3.119532594040237417e-01 7.948379600749901908e-01 0.000000000000000000e+00 4.383041752608755615e-01 -9.693298832036215118e-02 6.996530298873286924e-01 -5.225032328565604178e-01 2.705730647457351146e-01 2.300053758636700363e-01 6.126172944432321799e-02 3.598755601685249550e-01 -1.645071516941199186e-01 5.455324811764350468e-01 3.739123639003230082e-01 1.295556051939815156e-01 -1.614144187864303415e-01 -6.105483535983826648e-01 5.665528616582133914e-01 3.624393214839600752e-01 2.512849141128951080e-01 1.654119719631414603e-02
6.657631927010659867e-01 5.762544487224764422e-01 4.383041752608755615e-01 0.000000000000000000e+00 2.247806263551594894e-02 3.840929703091119363e-01 -2.044315389813497197e-01 3.433490364480277224e-01 4.878793378453711305e-01 4.680579245045327075e-01 5.160370390158424136e-01 3.812802732677035289e-01 7.464134973019412866e-01 2.442882083418462802e-01 5.440481165293700183e-01 1.761353701791278370e-01 9.390777978340547616e-02 4.573558416390318127e-01 2.501593234063924712e-02 3.650491462228738770e-02 -5.201446498223002424e-01
-7.412739362539161325e-02 -1.029512493231916209e-01 -9.693298832036215118e-02 2.247806263551594894e-02 0.000000000000000000e+00 -4.989340157371358608e-01 2.382191053595457131e-01 2.337751417823647204e-01 5.037932108380135388e-01 7.147464071238996963e-01 1.680938713925348160e-01 3.324861492989293343e-01 3.028053173686067190e-01 -2.291263078735572556e-01 7.455925609317451963e-01 1.487394722515034684e-01 -4.251488055568343194e-01 -2.553147479611703741e-01 -7.382103388251900489e-01 -4.450954524482290675e-01 5.290943434004472534e-01
3.478981490499791218e-01 5.950096162364224561e-01 6.996530298873286924e-01 3.840929703091119363e-01 -4.989340157371358608e-01 0.000000000000000000e+00 -5.378775100105462892e-01 1.733470460011592718e-01 2.579445413508632545e-01 -6.416525431202066421e-02 3.356210548783011838e-01 1.379416578506221791e-01 2.323380709415454881e-01 7.075350674626613712e-01 -2.166328848650613259e-01 6.449804304622062945e-02 -6.727564955258981405e-02 3.688789932884949385e-01 7.490830040449872884e-01 2.656915251024419833e-01 -3.645326256879165006e-01
-2.322694965450397830e-01 -3.717410413123951596e-01 -5.225032328565604178e-01 -2.044315389813497197e-01 2.382191053595457131e-01 -5.378775100105462892e-01 0.000000000000000000e+00 -2.568565418344151419e-01 -3.036977377349178164e-01 -6.747577366633215890e-02 2.867449873522336795e-02 -4.744693759714015829e-02 -8.606225989505060514e-02 -5.606555138826498919e-01 6.861105373092183171e-03 7.841049189770053773e-02 2.944953155515905308e-01 -2.680264461396270059e-01 -5.369261571721830606e-01 -6.829477382576930322e-02 3.627000956152777456e-02
7.101539144824525751e-01 1.416089810738845323e-01 2.705730647457351146e-01 3.433490364480277224e-01 2.337751417823647204e-01 1.733470460011592718e-01 -2.568565418344151419e-01 0.000000000000000000e+00 4.311051855257934662e-01 4.139935736569616553e-01 -2.453805733492223085e-01 2.936308933597114867e-01 3.903691836136496396e-01 2.731797680121079153e-01 3.921356891288365065e-01 2.718427971548811883e-01 -5.724527652510139758e-02 -2.903712108748668710e-02 4.189882559405930934e-02 3.572347608919453354e-01 3.740497463777648912e-01
4.235104925024882339e-01 1.767129772022606460e-01 2.300053758636700363e-01 4.878793378453711305e-01 5.037932108380135388e-01 2.579445413508632545e-01 -3.036977377349178164e-01 4.311051855257934662e-01 0.000000000000000000e+00 7.869530948289180650e-01 4.887747338364721861e-01 6.824524862878267317e-01 4.499607253194237155e-01 6.233767866999231355e-01 6.080182521612211843e-01 4.857303031690852202e-01 -8.346585492335385770e-02 -3.523069158993261119e-02 -4.124852062962478666e-02 -3.408073464383636342e-01 -4.250780237571545606e-02
2.060436126333446971e-01 1.237740791025162546e-01 6.126172944432321799e-02 4.680579245045327075e-01 7.147464071238996963e-01 -6.416525431202066421e-02 -6.747577366633215890e-02 4.139935736569616553e-01 7.869530948289180650e-01 0.000000000000000000e+00 3.047299071571283324e-01 5.492949048230877374e-01 4.856161574494727851e-01 1.893241177471565451e-01 9.137560821449495219e-01 2.688680051162897211e-01 -1.088794740889819784e-01 9.441919084534712570e-03 -4.866123549658166736e-01 -4.839612154852175885e-01 1.125364831394141396e-01
6.560230006165604366e-02 4.874303439956112483e-01 3.598755601685249550e-01 5.160370390158424136e-01 1.680938713925348160e-01 3.356210548783011838e-01 2.867449873522336795e-02 -2.453805733492223085e-01 4.887747338364721861e-01 3.047299071571283324e-01 0.000000000000000000e+00 2.419363695101935940e-01 5.955790580249645805e-01 2.747399570230228960e-01 2.902960636281608497e-01 3.160380483602583113e-02 -1.512356743747235721e-01 3.343457163018897504e-01 -1.929390707669070490e-02 -2.999118267372471447e-01 -4.762432379419212491e-01
3.253737459801584464e-01 -1.403317306628391048e-01 -1.645071516941199186e-01 3.812802732677035289e-01 3.324861492989293343e-01 1.379416578506221791e-01 -4.744693759714015829e-02 2.936308933597114867e-01 6.824524862878267317e-01 5.492949048230877374e-01 2.419363695101935940e-01 0.000000000000000000e+00 1.780357942480346733e-01 3.761436865523306583e-01 3.607331168423477674e-01 6.107769303413863593e-01 2.782385005365906050e-01 -2.225071467775886214e-01 -2.340431892938762970e-02 -2.401145990536240338e-01 -1.932052672425156603e-01
3.913409228625943648e-01 5.081750647523708420e-01 5.455324811764350468e-01 7.464134973019412866e-01 3.028053173686067190e-01 2.323380709415454881e-01 -8.606225989505060514e-02 3.903691836136496396e-01 4.499607253194237155e-01 4.856161574494727851e-01 5.955790580249645805e-01 1.780357942480346733e-01 0.000000000000000000e+00 -2.013185830226420919e-02 6.623457685290352615e-01 -1.782827253495859465e-01 -2.656366811366483449e-01 6.455551950113838089e-01 -2.761896174160198836e-01 -1.379371758771188450e-01 -6.246634940193494107e-02
4.508896365222981317e-01 3.349234984750923960e-01 3.739123639003230082e-01 2.442882083418462802e-01 -2.291263078735572556e-01 7.075350674626613712e-01 -5.606555138826498919e-01 2.731797680121079153e-01 6.233767866999231355e-01 1.893241177471565451e-01 2.747399570230228960e-01 3.761436865523306583e-01 -2.013185830226420919e-02 0.000000000000000000e+00 -1.156145528747002382e-01 5.391300863051758929e-01 9.057005567593019724e-02 -9.996648015553033506e-02 7.054959349501023214e-01 1.797693997113732067e-01 -2.718221982896428801e-01
1.827575582240006380e-01 1.677594916680140436e-01 1.295556051939815156e-01 5.440481165293700183e-01 7.455925609317451963e-01 -2.166328848650613259e-01 6.861105373092183171e-03 3.921356891288365065e-01 6.080182521612211843e-01 9.137560821449495219e-01 2.902960636281608497e-01 3.607331168423477674e-01 6.623457685290352615e-01 -1.156145528747002382e-01 0.000000000000000000e+00 3.120108790015239247e-02 -2.385875412719492550e-01 2.245270505420124407e-01 -6.693046468739991539e-01 -4.689724898036805589e-01 1.708332965370191470e-01
5.371728970199555198e-01 -3.924368244747565571e-02 -1.614144187864303415e-01 1.761353701791278370e-01 1.487394722515034684e-01 6.449804304622062945e-02 7.841049189770053773e-02 2.718427971548811883e-01 4.857303031690852202e-01 2.688680051162897211e-01 3.160380483602583113e-02 6.107769303413863593e-01 -1.782827253495859465e-01 5.391300863051758929e-01 3.120108790015239247e-02 0.000000000000000000e+00 4.151609667713072049e-01 -6.129791144807662517e-01 1.991844448854790117e-01 2.779529421419325574e-01 -1.242588454334922349e-01
2.296608684234517361e-01 -4.008060762147587219e-01 -6.105483535983826648e-01 9.390777978340547616e-02 -4.251488055568343194e-01 -6.727564955258981405e-02 2.944953155515905308e-01 -5.724527652510139758e-02 -8.346585492335385770e-02 -1.088794740889819784e-01 -1.512356743747235721e-01 2.782385005365906050e-01 -2.656366811366483449e-01 9.057005567593019724e-02 -2.385875412719492550e-01 4.151609667713072049e-01 0.000000000000000000e+00 -2.701398460217902531e-01 1.375434388047777068e-01 1.175171762030578770e-01 -5.165758553312775891e-01
-4.161479513713008116e-02 3.836160795422357550e-01 5.665528616582133914e-01 4.573558416390318127e-01 -2.553147479611703741e-01 3.688789932884949385e-01 -2.680264461396270059e-01 -2.903712108748668710e-02 -3.523069158993261119e-02 9.441919084534712570e-03 3.343457163018897504e-01 -2.225071467775886214e-01 6.455551950113838089e-01 -9.996648015553033506e-02 2.245270505420124407e-01 -6.129791144807662517e-01 -2.701398460217902531e-01 0.000000000000000000e+00 -1.530443327983830454e-02 -2.237473045933546789e-01 -2.116585997176311240e-01
3.303257665477136729e-01 3.405477625030298716e-01 3.624393214839600752e-01 2.501593234063924712e-02 -7.382103388251900489e-01 7.490830040449872884e-01 -5.369261571721830606e-01 4.189882559405930934e-02 -4.124852062962478666e-02 -4.866123549658166736e-01 -1.929390707669070490e-02 -2.340431892938762970e-02 -2.761896174160198836e-01 7.054959349501023214e-01 -6.693046468739991539e-01 1.991844448854790117e-01 1.375434388047777068e-01 -1.530443327983830454e-02 0.000000000000000000e+00 5.634991530177767549e-01 -3.579750275295218165e-01
5.444355129324199849e-01 3.588433390354294206e-01 2.512849141128951080e-01 3.650491462228738770e-02 -4.450954524482290675e-01 2.656915251024419833e-01 -6.829477382576930322e-02 3.572347608919453354e-01 -3.408073464383636342e-01 -4.839612154852175885e-01 -2.999118267372471447e-01 -2.401145990536240338e-01 -1.379371758771188450e-01 1.797693997113732067e-01 -4.689724898036805589e-01 2.779529421419325574e-01 1.175171762030578770e-01 -2.237473045933546789e-01 5.634991530177767549e-01 0.000000000000000000e+00 2.516256157239719210e-02
-1.731570042677061660e-01 -1.883755134497021866e-01 1.654119719631414603e-02 -5.201446498223002424e-01 5.290943434004472534e-01 -3.645326256879165006e-01 3.627000956152777456e-02 3.740497463777648912e-01 -4.250780237571545606e-02 1.125364831394141396e-01 -4.762432379419212491e-01 -1.932052672425156603e-01 -6.246634940193494107e-02 -2.718221982896428801e-01 1.708332965370191470e-01 -1.242588454334922349e-01 -5.165758553312775891e-01 -2.116585997176311240e-01 -3.579750275295218165e-01 2.516256157239719210e-02 0.000000000000000000e+00
0.000000000000000000e+00 4.390851859488232867e-01 3.282857643104250545e-01 6.601280613706496103e-01 -7.041906764512949335e-02 3.653550818041981230e-01 -2.297468291315760691e-01 7.021371632051468525e-01 4.049040054519679188e-01 2.116077119675263130e-01 6.667630932963035384e-02 3.218156025863382341e-01 3.890984530196907043e-01 4.425510966541328917e-01 1.875538324628883702e-01 5.295631346097037229e-01 2.009909361252902316e-01 -3.510984466731668918e-02 3.344553335359287671e-01 5.415231027429291411e-01 -1.706285230865058622e-01
4.390851859488232867e-01 0.000000000000000000e+00 7.968567413047812353e-01 6.206994991411383111e-01 -5.660794834807311715e-02 5.998700965296015486e-01 -3.868653304161928652e-01 1.873185680012761367e-01 1.490981640842093670e-01 1.206606600069251162e-01 4.818650749342419104e-01 -1.020267318813033730e-01 5.460936442073910380e-01 2.823005919157375865e-01 1.927906142880097817e-01 -8.092922110396418012e-02 -4.470004067971463657e-01 3.918431714914084596e-01 3.562980647392454125e-01 3.827819771438276675e-01 -2.316926572747173563e-01
3.282857643104250545e-01 7.968567413047812353e-01 0.000000000000000000e+00 4.875488477883109240e-01 -3.684557613736403475e-02 7.077510678574865377e-01 -5.141140629456449895e-01 3.291804246497600506e-01 1.709427101799047000e-01 6.290385193635468497e-02 3.393543129873008435e-01 -1.255495603252750614e-01 5.962505749747144534e-01 2.942646476247653409e-01 1.609634715240582103e-01 -2.065225488277589450e-01 -6.564269392067886288e-01 5.625636399307659685e-01 3.727045059677107086e-01 3.184517973653001599e-01 -2.475469910686377631e-02
6.601280613706496103e-01 6.206994991411383111e-01 4.875488477883109240e-01 0.000000000000000000e+00 4.920118012744989500e-02 4.231679855896683939e-01 -1.986674362926260928e-01 3.796841199778496212e-01 4.293727485086068496e-01 4.683615165510830458e-01 5.030576109698915444e-01 3.778467774925662326e-01 7.610563799416556474e-01 2.047808800640429083e-01 5.527090101263457678e-01 1.439165853823933527e-01 1.939226547678899251e-02 4.637843941438162809e-01 4.274980477852604460e-02 1.179868860417160742e-01 -5.205448689052351030e-01
-7.041906764512949335e-02 -5.660794834807311715e-02 -3.684557613736403475e-02 4.920118012744989500e-02 0.000000000000000000e+00 -4.496697502097796173e-01 2.400706717568206472e-01 2.606960441868980682e-01 4.646547131850284340e-01 7.194862857098094366e-01 1.673834664882949408e-01 3.276745999078836125e-01 3.315910017236061158e-01 -2.419633558759516356e-01 7.510362744348944020e-01 1.320033657468665522e-01 -4.449543957361609681e-01 -2.396238049499604672e-01 -7.181227503540962287e-01 -3.552969298946087040e-01 5.266749204253573513e-01
3.653550818041981230e-01 5.998700965296015486e-01 7.077510678574865377e-01 4.231679855896683939e-01 -4.496697502097796173e-01 0.000000000000000000e+00 -5.415841450242825372e-01 2.170102176373270575e-01 2.215041006574810234e-01 -6.319901906702486694e-02 3.259059435942905925e-01 1.670407799656608572e-01 2.829672253131301773e-01 6.480131767175708601e-01 -1.880441888792937777e-01 2.599808586162014740e-02 -1.282075814387007850e-01 3.743619041020495586e-01 7.548527308269373792e-01 3.024198425933465328e-01 -3.947033699729510237e-01
-2.297468291315760691e-01 -3.868653304161928652e-01 -5.141140629456449895e-01 -1.986674362926260928e-01 2.400706717568206472e-01 -5.415841450242825372e-01 0.000000000000000000e+00 -2.503734244492051286e-01 -2.966815720452194438e-01 -7.037906939565162501e-02 2.740237939642108447e-02 -4.087024893326731551e-02 -8.356426862585984716e-02 -5.592253143461389797e-01 6.736412810997369736e-03 7.540078338759151344e-02 2.813587339152872069e-01 -2.699548177835258134e-01 -5.365481997589478524e-01 -7.270484852571344747e-02 3.080013375806508677e-02
7.021371632051468525e-01 1.873185680012761367e-01 3.291804246497600506e-01 3.796841199778496212e-01 2.606960441868980682e-01 2.170102176373270575e-01 -2.503734244492051286e-01 0.000000000000000000e+00 3.671848508121443033e-01 4.104255816327008199e-01 -2.406370168153149358e-01 2.973036895917852140e-01 4.393469087965133912e-01 2.207790357749002674e-01 4.059880703560588833e-01 2.265998788444484879e-01 -1.309855673974945622e-01 -9.524536315904337525e-03 6.116084869321564144e-02 4.154087179819068165e-01 3.452142838475465991e-01
4.049040054519679188e-01 1.490981640842093670e-01 1.709427101799047000e-01 4.293727485086068496e-01 4.646547131850284340e-01 2.215041006574810234e-01 -2.966815720452194438e-01 3.671848508121443033e-01 0.000000000000000000e+00 7.711079463195651407e-01 4.848733078998245238e-01 6.660468507425785223e-01 3.614497004896598531e-01 6.400195710290377260e-01 5.745105683264215557e-01 5.016452487274849492e-01 -2.302607506480965419e-02 -4.626600171766567793e-02 -5.475766978496503928e-02 -3.742430910260555743e-01 -2.461767194662563968e-02
2.116077119675263130e-01 1.206606600069251162e-01 6.290385193635468497e-02 4.683615165510830458e-01 7.194862857098094366e-01 -6.319901906702486694e-02 -7.037906939565162501e-02 4.104255816327008199e-01 7.711079463195651407e-01 0.000000000000000000e+00 3.031606049708901462e-01 5.636297030325135848e-01 4.710195367980796188e-01 1.771299403279786577e-01 9.131428888659479659e-01 2.585493198368841172e-01 -1.158314853391077259e-01 1.047912381766005069e-02 -4.824114117821433068e-01 -4.489797920658258334e-01 1.042794974446638739e-01
6.667630932963035384e-02 4.818650749342419104e-01 3.393543129873008435e-01 5.030576109698915444e-01 1.673834664882949408e-01 3.259059435942905925e-01 2.740237939642108447e-02 -2.406370168153149358e-01 4.848733078998245238e-01 3.031606049708901462e-01 0.000000000000000000e+00 2.477221210160297782e-01 5.585841259232686706e-01 2.717907178221807829e-01 2.873755088887178788e-01 3.127499919848587828e-02 -1.402573358318396635e-01 3.319023148665795064e-01 -2.039496021925358421e-02 -2.903271291129751464e-01 -4.808870789234906962e-01
3.218156025863382341e-01 -1.020267318813033730e-01 -1.255495603252750614e-01 3.778467774925662326e-01 3.276745999078836125e-01 1.670407799656608572e-01 -4.087024893326731551e-02 2.973036895917852140e-01 6.660468507425785223e-01 5.636297030325135848e-01 2.477221210160297782e-01 0.000000000000000000e+00 1.842176550755242614e-01 3.813923531878968265e-01 3.649133089794588947e-01 6.156579384661107213e-01 2.555585869111655639e-01 -2.161466456111885426e-01 -1.928195118877714179e-02 -1.958853504506487819e-01 -1.816910507365131766e-01
